A;RTSALEDATA;262;20221031 02:36;VALNET;
B;262;524090;1;20221031 02:36;;;226;RIVER ST;DENILIQUIN;2710;2184;M;20220812;20221024;800000;R1;R;RESIDENCE;;RN1;;0;AS574168;
C;262;524090;1;20221031 02:36;52/585373;
D;262;524090;1;20221031 02:36;P;;;;;;
D;262;524090;1;20221031 02:36;P;;;;;;
D;262;524090;1;20221031 02:36;V;;;;;;
B;262;524791;2;20221031 02:36;;;300;WICK ST;DENILIQUIN;2710;1012;M;20220708;20221021;275000;R1;R;RESIDENCE;;AA1;;0;AS568921;
C;262;524791;2;20221031 02:36;1/196389;
D;262;524791;2;20221031 02:36;P;;;;;;
D;262;524791;2;20221031 02:36;V;;;;;;
B;262;3326112;3;20221031 02:36;;7;73;BUTLER ST;DENILIQUIN;2710;130.1;M;20220927;20221027;138000;R1;R;RESIDENCE;;AA1;;0;AS583753;
C;262;3326112;3;20221031 02:36;8/286089;
D;262;3326112;3;20221031 02:36;P;;;;;;
D;262;3326112;3;20221031 02:36;P;;;;;;
D;262;3326112;3;20221031 02:36;V;;;;;;
B;262;4287091;4;20221031 02:36;RHYOLA;;815;INVERNESS RD;BARRATTA;2710;9981.91;H;20220714;20221012;2895880;RU1;3;FARM;;RS1;;0;AS544023;
C;262;4287091;4;20221031 02:36;102/726558 40, 41, 42, 43, 44, 45, 46, 47, 48, 49, 53, 54, 55, 56, 57,;
C;262;4287091;4;20221031 02:36; 58, 59, 60, 61, 62, 64, 65, 71, 73, 74, 78, 79, 81, 83, 84/756248 1, ;
C;262;4287091;4;20221031 02:36;2, 3, 4, 5, 6, 7, 8, 9, 10, 11, 12, 13, 14, 15, 16, 17, 18, 19, 20, 21;
C;262;4287091;4;20221031 02:36;, 22, 23, 24, 25, 26, 27, 28, 29, 30, 31, 32, 33, 34, 35, 36, 37, 38, ;
C;262;4287091;4;20221031 02:36;39, 87, 89, 90, 91, 92, 93, 94, 95, 96, 97, 98, 99, 100, 101, 151, 152;
C;262;4287091;4;20221031 02:36;/756547 1/1136240 Licence 328235;
D;262;4287091;4;20221031 02:36;P;;;;;;
D;262;4287091;4;20221031 02:36;V;;;;;;
D;262;4287091;4;20221031 02:36;V;;;;;;
D;262;4287091;4;20221031 02:36;V;;;;;;
D;262;4287091;4;20221031 02:36;V;;;;;;
D;262;4287091;4;20221031 02:36;V;;;;;;
B;262;4287091;5;20221031 02:36;RHYOLA;;815;INVERNESS RD;BARRATTA;2710;9981.91;H;20220714;20221012;3683444;RU1;3;FARM;;RS1;;0;AS544021;
C;262;4287091;5;20221031 02:36;102/726558 40, 41, 42, 43, 44, 45, 46, 47, 48, 49, 53, 54, 55, 56, 57,;
C;262;4287091;5;20221031 02:36; 58, 59, 60, 61, 62, 64, 65, 71, 73, 74, 78, 79, 81, 83, 84/756248 1, ;
C;262;4287091;5;20221031 02:36;2, 3, 4, 5, 6, 7, 8, 9, 10, 11, 12, 13, 14, 15, 16, 17, 18, 19, 20, 21;
C;262;4287091;5;20221031 02:36;, 22, 23, 24, 25, 26, 27, 28, 29, 30, 31, 32, 33, 34, 35, 36, 37, 38, ;
C;262;4287091;5;20221031 02:36;39, 87, 89, 90, 91, 92, 93, 94, 95, 96, 97, 98, 99, 100, 101, 151, 152;
C;262;4287091;5;20221031 02:36;/756547 1/1136240 Licence 328235;
D;262;4287091;5;20221031 02:36;P;;;;;;
D;262;4287091;5;20221031 02:36;V;;;;;;
D;262;4287091;5;20221031 02:36;V;;;;;;
D;262;4287091;5;20221031 02:36;V;;;;;;
D;262;4287091;5;20221031 02:36;V;;;;;;
D;262;4287091;5;20221031 02:36;V;;;;;;
B;262;4287091;6;20221031 02:36;RHYOLA;;815;INVERNESS RD;BARRATTA;2710;9981.91;H;20220714;20221012;2058853;RU1;3;FARM;;RS1;;0;AS544025;
C;262;4287091;6;20221031 02:36;102/726558 40, 41, 42, 43, 44, 45, 46, 47, 48, 49, 53, 54, 55, 56, 57,;
C;262;4287091;6;20221031 02:36; 58, 59, 60, 61, 62, 64, 65, 71, 73, 74, 78, 79, 81, 83, 84/756248 1, ;
C;262;4287091;6;20221031 02:36;2, 3, 4, 5, 6, 7, 8, 9, 10, 11, 12, 13, 14, 15, 16, 17, 18, 19, 20, 21;
C;262;4287091;6;20221031 02:36;, 22, 23, 24, 25, 26, 27, 28, 29, 30, 31, 32, 33, 34, 35, 36, 37, 38, ;
C;262;4287091;6;20221031 02:36;39, 87, 89, 90, 91, 92, 93, 94, 95, 96, 97, 98, 99, 100, 101, 151, 152;
C;262;4287091;6;20221031 02:36;/756547 1/1136240 Licence 328235;
D;262;4287091;6;20221031 02:36;P;;;;;;
D;262;4287091;6;20221031 02:36;V;;;;;;
D;262;4287091;6;20221031 02:36;V;;;;;;
D;262;4287091;6;20221031 02:36;V;;;;;;
D;262;4287091;6;20221031 02:36;V;;;;;;
D;262;4287091;6;20221031 02:36;V;;;;;;
B;262;4287091;7;20221031 02:36;RHYOLA;;815;INVERNESS RD;BARRATTA;2710;9981.91;H;20220714;20221012;3870347;RU1;3;FARM;;RS1;;0;AS544036;
C;262;4287091;7;20221031 02:36;102/726558 40, 41, 42, 43, 44, 45, 46, 47, 48, 49, 53, 54, 55, 56, 57,;
C;262;4287091;7;20221031 02:36; 58, 59, 60, 61, 62, 64, 65, 71, 73, 74, 78, 79, 81, 83, 84/756248 1, ;
C;262;4287091;7;20221031 02:36;2, 3, 4, 5, 6, 7, 8, 9, 10, 11, 12, 13, 14, 15, 16, 17, 18, 19, 20, 21;
C;262;4287091;7;20221031 02:36;, 22, 23, 24, 25, 26, 27, 28, 29, 30, 31, 32, 33, 34, 35, 36, 37, 38, ;
C;262;4287091;7;20221031 02:36;39, 87, 89, 90, 91, 92, 93, 94, 95, 96, 97, 98, 99, 100, 101, 151, 152;
C;262;4287091;7;20221031 02:36;/756547 1/1136240 Licence 328235;
D;262;4287091;7;20221031 02:36;P;;;;;;
D;262;4287091;7;20221031 02:36;V;;;;;;
D;262;4287091;7;20221031 02:36;V;;;;;;
D;262;4287091;7;20221031 02:36;V;;;;;;
D;262;4287091;7;20221031 02:36;V;;;;;;
D;262;4287091;7;20221031 02:36;V;;;;;;
B;262;4287091;8;20221031 02:36;RHYOLA;;815;INVERNESS RD;BARRATTA;2710;9981.91;H;20220714;20221012;3491476;RU1;3;FARM;;RS1;;0;AS544010;
C;262;4287091;8;20221031 02:36;102/726558 40, 41, 42, 43, 44, 45, 46, 47, 48, 49, 53, 54, 55, 56, 57,;
C;262;4287091;8;20221031 02:36; 58, 59, 60, 61, 62, 64, 65, 71, 73, 74, 78, 79, 81, 83, 84/756248 1, ;
C;262;4287091;8;20221031 02:36;2, 3, 4, 5, 6, 7, 8, 9, 10, 11, 12, 13, 14, 15, 16, 17, 18, 19, 20, 21;
C;262;4287091;8;20221031 02:36;, 22, 23, 24, 25, 26, 27, 28, 29, 30, 31, 32, 33, 34, 35, 36, 37, 38, ;
C;262;4287091;8;20221031 02:36;39, 87, 89, 90, 91, 92, 93, 94, 95, 96, 97, 98, 99, 100, 101, 151, 152;
C;262;4287091;8;20221031 02:36;/756547 1/1136240 Licence 328235;
D;262;4287091;8;20221031 02:36;P;;;;;;
D;262;4287091;8;20221031 02:36;V;;;;;;
D;262;4287091;8;20221031 02:36;V;;;;;;
D;262;4287091;8;20221031 02:36;V;;;;;;
D;262;4287091;8;20221031 02:36;V;;;;;;
D;262;4287091;8;20221031 02:36;V;;;;;;
Z;81;8;33;38;
