A;RTSALEDATA;270;20230501 01:22;VALNET;
B;270;4220863;1;20230501 01:22;;;19805;STURT HWY;DARLINGTON POINT;2706;15398.9;H;20221208;20230331;49370229;RU1;3;RURAL;;RRI;;0;AS976384;
C;270;4220863;1;20230501 01:22;1, 2/210769 1, 2/210770 1/215177 1, 2, 3, 4, 5, 6/250555 8, 9, 27/7508;
C;270;4220863;1;20230501 01:22;95 55, 56, 57/750900 1, 2, 3, 4, 5, 6, 7, 8, 9, 11, 12, 13, 14, 15, 16;
C;270;4220863;1;20230501 01:22;, 17, 18, 19, 21, 22, 23, 24, 25, 26, 27, 28, 29, 30, 31, 32, 33, 34, ;
C;270;4220863;1;20230501 01:22;35, 36, 37, 38, 39, 42, 43, 45, 46, 47, 48, 49, 50, 51, 52, 53, 54, 55;
C;270;4220863;1;20230501 01:22;, 56, 57, 58, 59, 62, 63, 64, 65, 66, 68, 69, 70, 71, 72, 73, 74, 75, ;
C;270;4220863;1;20230501 01:22;76, 77, 78, 79, 80, 82, 83/750902 2/1052964 1/1157563 1/1157734 Licenc;
C;270;4220863;1;20230501 01:22;e 532026 Licence 532027 Licence 596193;
D;270;4220863;1;20230501 01:22;P;;;;;;
D;270;4220863;1;20230501 01:22;V;;;;;;
D;270;4220863;1;20230501 01:22;V;;;;;;
D;270;4220863;1;20230501 01:22;V;;;;;;
B;270;4220863;2;20230501 01:22;;;19805;STURT HWY;DARLINGTON POINT;2706;15398.9;H;20221208;20230331;5629771;RU1;3;RURAL;;RRI;;0;AS976380;
C;270;4220863;2;20230501 01:22;1, 2/210769 1, 2/210770 1/215177 1, 2, 3, 4, 5, 6/250555 8, 9, 27/7508;
C;270;4220863;2;20230501 01:22;95 55, 56, 57/750900 1, 2, 3, 4, 5, 6, 7, 8, 9, 11, 12, 13, 14, 15, 16;
C;270;4220863;2;20230501 01:22;, 17, 18, 19, 21, 22, 23, 24, 25, 26, 27, 28, 29, 30, 31, 32, 33, 34, ;
C;270;4220863;2;20230501 01:22;35, 36, 37, 38, 39, 42, 43, 45, 46, 47, 48, 49, 50, 51, 52, 53, 54, 55;
C;270;4220863;2;20230501 01:22;, 56, 57, 58, 59, 62, 63, 64, 65, 66, 68, 69, 70, 71, 72, 73, 74, 75, ;
C;270;4220863;2;20230501 01:22;76, 77, 78, 79, 80, 82, 83/750902 2/1052964 1/1157563 1/1157734 Licenc;
C;270;4220863;2;20230501 01:22;e 532026 Licence 532027 Licence 596193;
D;270;4220863;2;20230501 01:22;P;;;;;;
D;270;4220863;2;20230501 01:22;V;;;;;;
D;270;4220863;2;20230501 01:22;V;;;;;;
D;270;4220863;2;20230501 01:22;V;;;;;;
Z;26;2;14;8;
