A;RTSALEDATA;270;20221003 02:04;VALNET;
B;270;3215876;1;20221003 02:04;;;3806;CONARGO RD;CARRATHOOL;2711;8789.7;H;20220628;20220916;20100000;RU1;R;RESIDENCE;;RRD;;0;AS477980;
C;270;3215876;1;20221003 02:04;145, 146, 147/257428 31, 32, 33, 36, 37, 38, 39, 40, 41, 42, 43, 44, 4;
C;270;3215876;1;20221003 02:04;5, 46, 47, 48, 49, 50, 51, 52, 53, 60, 61, 64, 65, 66, 67, 68, 69, 70,;
C;270;3215876;1;20221003 02:04; 71, 72, 75, 76, 77, 78, 79, 80, 81, 82, 83, 84, 85, 86, 87, 88, 89, 9;
C;270;3215876;1;20221003 02:04;0, 91, 92, 93, 94, 95, 96, 97, 98, 99, 100, 101, 102, 103, 104, 110, 1;
C;270;3215876;1;20221003 02:04;11, 141, 143, 144/750875 11, 12, 13, 14, 15, 16, 17, 18, 19, 20, 21, 2;
C;270;3215876;1;20221003 02:04;2, 23, 24, 26, 27, 28, 29, 30, 31, 32, 33, 34, 35, 36, 37, 38, 39, 40,;
C;270;3215876;1;20221003 02:04; 41, 42, 43, 44, 45, 46, 47, 48, 49, 50, 51, 52, 53, 54, 55, 56, 136/7;
C;270;3215876;1;20221003 02:04;50886 36, 92, 97/750891 10/1079739 Enclosure Permit 37270;
D;270;3215876;1;20221003 02:04;P;;;;;;
D;270;3215876;1;20221003 02:04;V;;;;;;
D;270;3215876;1;20221003 02:04;V;;;;;;
B;270;3317983;2;20221003 02:04;;;;CONARGO RD;CARRATHOOL;2711;28.94;H;20220628;20220916;20100000;RU1;R;RESIDENCE;;HDP;;0;AS477980;
C;270;3317983;2;20221003 02:04;10/750875;
D;270;3317983;2;20221003 02:04;P;;;;;;
D;270;3317983;2;20221003 02:04;V;;;;;;
D;270;3317983;2;20221003 02:04;V;;;;;;
Z;19;2;9;6;
